"DESCRIPTION","DURATION IN MS","NAME","PARENT SUITE","START TIME","STATUS","STOP TIME","SUB SUITE","SUITE","TEST CLASS","TEST METHOD"
"","87523","Verify Home Menu Navigation Item and Components","","Mon Jan 19 06:20:15 UTC 2026","failed","Mon Jan 19 06:21:42 UTC 2026","","Website Navigation","",""
"","67409","Check Footer section is loaded correctly","","Mon Jan 19 06:27:21 UTC 2026","failed","Mon Jan 19 06:28:28 UTC 2026","","Website Navigation","",""
"","19481","Check Body section is loaded correctly","","Mon Jan 19 06:29:47 UTC 2026","failed","Mon Jan 19 06:30:07 UTC 2026","","Website Navigation","",""
"","92250","Shopping for Moisturizers in Cold Weather","","Mon Jan 19 06:41:06 UTC 2026","failed","Mon Jan 19 06:42:38 UTC 2026","","Weather Shopper Website","",""
"","87769","No Shopping Action Required in Moderate Weather","","Mon Jan 19 06:59:29 UTC 2026","failed","Mon Jan 19 07:00:57 UTC 2026","","Weather Shopper Website","",""
"","95423","Shopping for Sunscreens in Hot Weather","","Mon Jan 19 06:50:19 UTC 2026","failed","Mon Jan 19 06:51:54 UTC 2026","","Weather Shopper Website","",""
